{
  "asset": {
    "version": "2.0",
    "generator": "THREE.GLTFExporter r182"
  },
  "scenes": [
    {
      "name": "Scene",
      "nodes": [
        0,
        1,
        2,
        3,
        4,
        5,
        6,
        7,
        8,
        9,
        10,
        11,
        12,
        13,
        14,
        15,
        16,
        17,
        18,
        19,
        20,
        21,
        22,
        23,
        24,
        25,
        26,
        27,
        28,
        29,
        30,
        31,
        32,
        33,
        34,
        35,
        36,
        37,
        38,
        39,
        40,
        41,
        42,
        43,
        44,
        45,
        46,
        47,
        48,
        49,
        50,
        51,
        52,
        53,
        54,
        55,
        56,
        57,
        58,
        59,
        60,
        61,
        62,
        63,
        64,
        65,
        66,
        67,
        68,
        69,
        70
      ]
    }
  ],
  "scene": 0,
  "nodes": [
    {
      "name": "AmbientLight"
    },
    {
      "matrix": [
        1,
        0,
        0,
        0,
        0,
        1,
        0,
        0,
        0,
        0,
        1,
        0,
        0,
        9.010102528465097,
        0,
        1
      ],
      "name": "HemisphereLight"
    },
    {
      "matrix": [
        1,
        0,
        0,
        0,
        0,
        1,
        0,
        0,
        0,
        0,
        1,
        0,
        -4.788461723996559,
        18.84695256621982,
        7.5,
        1
      ],
      "name": "DirectionalLight",
      "extensions": {
        "KHR_lights_punctual": {
          "light": 0
        }
      }
    },
    {
      "matrix": [
        0.8,
        0,
        0,
        0,
        0,
        0.1,
        0,
        0,
        0,
        0,
        0.8,
        0,
        0,
        3.51,
        0,
        1
      ],
      "name": "stoolTop",
      "mesh": 0
    },
    {
      "matrix": [
        0.8,
        0,
        0,
        0,
        0,
        1.7763568394002506e-16,
        0.8,
        0,
        0,
        -0.8,
        1.7763568394002506e-16,
        0,
        0.003775780992475275,
        3.48,
        0,
        1
      ],
      "name": "stoolTopEdge",
      "mesh": 1
    },
    {
      "matrix": [
        0.09848077530122079,
        0.017101007166283436,
        -0.0030153689607045806,
        0,
        -0.6077686218342562,
        3.394462086375339,
        -0.5985352508199202,
        0,
        0,
        0.017364817766693033,
        0.09848077530122079,
        0,
        0.7,
        1.75,
        0.7,
        1
      ],
      "name": "leg1",
      "mesh": 2
    },
    {
      "matrix": [
        1,
        0,
        0,
        0,
        0,
        1,
        0,
        0,
        0,
        0,
        1,
        0,
        1.0050004362177938,
        0.04973805892812694,
        1.0001528842361582,
        1
      ],
      "name": "foot1",
      "mesh": 3
    },
    {
      "matrix": [
        0.09848077530122079,
        -0.017101007166283436,
        0.0030153689607045806,
        0,
        0.6077686218342562,
        3.394462086375339,
        -0.5985352508199202,
        0,
        0,
        0.017364817766693033,
        0.09848077530122079,
        0,
        -0.7,
        1.75,
        0.7,
        1
      ],
      "name": "leg2",
      "mesh": 4
    },
    {
      "matrix": [
        1,
        0,
        0,
        0,
        0,
        1,
        0,
        0,
        0,
        0,
        1,
        0,
        -1.005,
        0.04973805892812694,
        1.0001528842361582,
        1
      ],
      "name": "foot2",
      "mesh": 3
    },
    {
      "matrix": [
        0.09848077530122079,
        0.017101007166283436,
        0.0030153689607045806,
        0,
        -0.6077686218342562,
        3.394462086375339,
        0.5985352508199202,
        0,
        0,
        -0.017364817766693033,
        0.09848077530122079,
        0,
        0.7,
        1.75,
        -0.7,
        1
      ],
      "name": "leg3",
      "mesh": 5
    },
    {
      "matrix": [
        1,
        0,
        0,
        0,
        0,
        1,
        0,
        0,
        0,
        0,
        1,
        0,
        1.005,
        0.04973805892812694,
        -1,
        1
      ],
      "name": "foot3",
      "mesh": 3
    },
    {
      "matrix": [
        0.09848077530122079,
        -0.017101007166283436,
        -0.0030153689607045806,
        0,
        0.6077686218342562,
        3.394462086375339,
        0.5985352508199202,
        0,
        0,
        -0.017364817766693033,
        0.09848077530122079,
        0,
        -0.7,
        1.75,
        -0.7,
        1
      ],
      "name": "leg4",
      "mesh": 6
    },
    {
      "matrix": [
        1,
        0,
        0,
        0,
        0,
        1,
        0,
        0,
        0,
        0,
        1,
        0,
        -1.005,
        0.04973805892812694,
        -1,
        1
      ],
      "name": "foot4",
      "mesh": 3
    },
    {
      "matrix": [
        0.05,
        0,
        0,
        0,
        0,
        2.6645352591003756e-16,
        1.2,
        0,
        0,
        -0.05,
        1.1102230246251566e-17,
        0,
        -0.6,
        2.3502891276715054,
        0,
        1
      ],
      "name": "topStrut1",
      "mesh": 7
    },
    {
      "matrix": [
        0.05,
        0,
        0,
        0,
        0,
        2.6645352591003756e-16,
        1.2,
        0,
        0,
        -0.05,
        1.1102230246251566e-17,
        0,
        0.5917497628323145,
        2.3502057545804087,
        0,
        1
      ],
      "name": "topStrut2",
      "mesh": 7
    },
    {
      "matrix": [
        1.1102230246251566e-17,
        1.1102230246251566e-17,
        0.05,
        0,
        -1.2,
        0,
        2.6645352591003756e-16,
        0,
        0,
        -0.05,
        1.1102230246251566e-17,
        0,
        0,
        2.3502891276715054,
        0.6,
        1
      ],
      "name": "topStrut3",
      "mesh": 7
    },
    {
      "matrix": [
        1.1102230246251566e-17,
        1.1102230246251566e-17,
        0.05,
        0,
        -1.2,
        0,
        2.6645352591003756e-16,
        0,
        0,
        -0.05,
        1.1102230246251566e-17,
        0,
        0,
        2.3502891276715054,
        -0.6,
        1
      ],
      "name": "topStrut4",
      "mesh": 7
    },
    {
      "matrix": [
        0.05,
        0,
        0,
        0,
        0,
        3.3306690738754696e-16,
        1.5,
        0,
        0,
        -0.05,
        1.1102230246251566e-17,
        0,
        -0.8,
        1.15,
        0,
        1
      ],
      "name": "bottomStrut1",
      "mesh": 7
    },
    {
      "matrix": [
        0.05,
        0,
        0,
        0,
        0,
        3.3306690738754696e-16,
        1.5,
        0,
        0,
        -0.05,
        1.1102230246251566e-17,
        0,
        0.8,
        1.15,
        0,
        1
      ],
      "name": "bottomStrut2",
      "mesh": 7
    },
    {
      "matrix": [
        1.1102230246251566e-17,
        1.1102230246251566e-17,
        0.05,
        0,
        -1.5,
        0,
        3.3306690738754696e-16,
        0,
        0,
        -0.05,
        1.1102230246251566e-17,
        0,
        0,
        1.15,
        0.8,
        1
      ],
      "name": "bottomStrut3",
      "mesh": 7
    },
    {
      "matrix": [
        1.1102230246251566e-17,
        1.1102230246251566e-17,
        0.05,
        0,
        -1.5,
        0,
        3.3306690738754696e-16,
        0,
        0,
        -0.05,
        1.1102230246251566e-17,
        0,
        0,
        1.15,
        -0.8,
        1
      ],
      "name": "bottomStrut4",
      "mesh": 7
    },
    {
      "matrix": [
        1,
        0,
        0,
        0,
        0,
        0.7,
        0,
        0,
        0,
        0,
        1,
        0,
        0,
        3.3698943511137074,
        0,
        1
      ],
      "name": "steerTube",
      "mesh": 8
    },
    {
      "matrix": [
        1,
        0,
        0,
        0,
        0,
        1,
        0,
        0,
        0,
        0,
        1,
        0,
        0,
        3.5123033135887,
        0,
        1
      ],
      "name": "steerTubeLock",
      "mesh": 9
    },
    {
      "matrix": [
        1,
        0,
        0,
        0,
        0,
        -1,
        1.2246467991473532e-16,
        0,
        0,
        -1.2246467991473532e-16,
        -1,
        0,
        0,
        3.8051394888732357,
        0,
        1
      ],
      "name": "forkCrown",
      "mesh": 10
    },
    {
      "matrix": [
        1,
        0,
        0,
        0,
        0,
        1,
        0,
        0,
        0,
        0,
        1,
        0,
        -0.18,
        3.79876347641833,
        0,
        1
      ],
      "name": "forkTubeL",
      "mesh": 11
    },
    {
      "matrix": [
        1,
        0,
        0,
        0,
        0,
        0.4352310993723275,
        -0.9003187714021934,
        0,
        0,
        0.9003187714021934,
        0.4352310993723275,
        0,
        -0.181,
        5.497775480325407,
        0.19966339851346285,
        1
      ],
      "name": "forkCapL",
      "mesh": 12
    },
    {
      "matrix": [
        1,
        0,
        0,
        0,
        0,
        1,
        0,
        0,
        0,
        0,
        1,
        0,
        0.18,
        3.79876347641833,
        0,
        1
      ],
      "name": "forkTubeR",
      "mesh": 11
    },
    {
      "matrix": [
        1,
        0,
        0,
        0,
        0,
        0.4352310993723275,
        -0.9003187714021934,
        0,
        0,
        0.9003187714021934,
        0.4352310993723275,
        0,
        0.18140709003952618,
        5.497775480325407,
        0.19966339851346285,
        1
      ],
      "name": "forkCapR",
      "mesh": 13
    },
    {
      "matrix": [
        2.220446049250313e-16,
        1,
        0,
        0,
        -1,
        2.220446049250313e-16,
        0,
        0,
        0,
        0,
        1,
        0,
        0,
        5.45,
        0.17,
        1
      ],
      "name": "hubBody",
      "mesh": 14
    },
    {
      "matrix": [
        2.220446049250313e-16,
        1,
        0,
        0,
        -1,
        2.220446049250313e-16,
        0,
        0,
        0,
        0,
        1,
        0,
        0.075,
        5.45,
        0.17,
        1
      ],
      "name": "hubFlangeR",
      "mesh": 15
    },
    {
      "matrix": [
        2.220446049250313e-16,
        1,
        0,
        0,
        -1,
        2.220446049250313e-16,
        0,
        0,
        0,
        0,
        1,
        0,
        -0.075,
        5.45,
        0.17,
        1
      ],
      "name": "hubFlangeL",
      "mesh": 15
    },
    {
      "matrix": [
        2.220446049250313e-16,
        1,
        0,
        0,
        -1,
        2.220446049250313e-16,
        0,
        0,
        0,
        0,
        1,
        0,
        0,
        5.45,
        0.17,
        1
      ],
      "name": "hubAxle",
      "mesh": 16
    },
    {
      "matrix": [
        2.220446049250313e-16,
        0,
        -1,
        0,
        0,
        1,
        0,
        0,
        1,
        0,
        2.220446049250313e-16,
        0,
        0,
        5.45,
        0.17,
        1
      ],
      "name": "tireRubber",
      "mesh": 17
    },
    {
      "matrix": [
        2.220446049250313e-16,
        0,
        -1,
        0,
        0,
        1,
        0,
        0,
        1,
        0,
        2.220446049250313e-16,
        0,
        0,
        5.45,
        0.17,
        1
      ],
      "name": "tire",
      "mesh": 18
    },
    {
      "matrix": [
        2.220446049250313e-16,
        0,
        -1,
        0,
        0,
        1,
        0,
        0,
        1,
        0,
        2.220446049250313e-16,
        0,
        0.1272855696869707,
        5.45,
        0.17,
        1
      ],
      "name": "tireSidewallL",
      "mesh": 19
    },
    {
      "matrix": [
        -2.220446049250313e-16,
        0,
        1,
        0,
        0,
        1,
        0,
        0,
        -1,
        0,
        -2.220446049250313e-16,
        0,
        -0.13035161237839943,
        5.45,
        0.17,
        1
      ],
      "name": "tireSidewallR",
      "mesh": 19
    },
    {
      "matrix": [
        1,
        0,
        0,
        0,
        0,
        -0.9807852804032307,
        0.19509032201612816,
        0,
        0,
        -0.19509032201612816,
        -0.9807852804032307,
        0,
        0,
        4.1523583539512625,
        0.413667239748317,
        1
      ],
      "name": "vavleStem",
      "mesh": 20
    },
    {
      "matrix": [
        1,
        0,
        0,
        0,
        0,
        -0.9807852804032307,
        0.19509032201612816,
        0,
        0,
        -0.19509032201612816,
        -0.9807852804032307,
        0,
        0,
        4.112276595642634,
        0.42168862732878265,
        1
      ],
      "name": "vavleStemCollet",
      "mesh": 21
    },
    {
      "matrix": [
        1,
        0,
        0,
        0,
        0,
        -0.9807852804032307,
        0.19509032201612816,
        0,
        0,
        -0.19509032201612816,
        -0.9807852804032307,
        0,
        0,
        4.260260017210979,
        0.39232906189815187,
        1
      ],
      "name": "valveCap",
      "mesh": 22
    },
    {
      "matrix": [
        1,
        0,
        0,
        0,
        0,
        1,
        0,
        0,
        0,
        0,
        1,
        0,
        0.075,
        6.164134665539665,
        0.17,
        1
      ],
      "name": "spokeR1",
      "mesh": 23
    },
    {
      "matrix": [
        1,
        0,
        0,
        0,
        0,
        0.9238795325112867,
        0.3826834323650897,
        0,
        0,
        -0.3826834323650897,
        0.9238795325112867,
        0,
        0.075,
        6.150427630802608,
        0.46513732121994467,
        1
      ],
      "name": "spokeR2",
      "mesh": 23
    },
    {
      "matrix": [
        1,
        0,
        0,
        0,
        0,
        0.7071067811865475,
        0.7071067811865476,
        0,
        0,
        -0.7071067811865476,
        0.7071067811865475,
        0,
        0.075,
        5.984179543320834,
        0.7099547360248311,
        1
      ],
      "name": "spokeR3",
      "mesh": 23
    },
    {
      "matrix": [
        1,
        0,
        0,
        0,
        0,
        0.38268343236508984,
        0.9238795325112866,
        0,
        0,
        -0.9238795325112866,
        0.38268343236508984,
        0,
        0.075,
        5.741626153907907,
        0.8639258739784197,
        1
      ],
      "name": "spokeR4",
      "mesh": 23
    },
    {
      "matrix": [
        1,
        0,
        0,
        0,
        0,
        2.220446049250313e-16,
        1,
        0,
        0,
        -1,
        2.220446049250313e-16,
        0,
        0.075,
        5.45,
        0.9300846273963337,
        1
      ],
      "name": "spokeR5",
      "mesh": 23
    },
    {
      "matrix": [
        1,
        0,
        0,
        0,
        0,
        -0.38268343236508984,
        0.9238795325112868,
        0,
        0,
        -0.9238795325112868,
        -0.38268343236508984,
        0,
        0.075,
        5.159299328131971,
        0.8671528809449598,
        1
      ],
      "name": "spokeR6",
      "mesh": 23
    },
    {
      "matrix": [
        1,
        0,
        0,
        0,
        0,
        -0.7071067811865475,
        0.7071067811865477,
        0,
        0,
        -0.7071067811865477,
        -0.7071067811865475,
        0,
        0.075,
        4.9186197364456525,
        0.7048240608943535,
        1
      ],
      "name": "spokeR7",
      "mesh": 23
    },
    {
      "matrix": [
        1,
        0,
        0,
        0,
        0,
        -0.9238795325112867,
        0.3826834323650899,
        0,
        0,
        -0.3826834323650899,
        -0.9238795325112867,
        0,
        0.075,
        4.755686707656318,
        0.46030762753867027,
        1
      ],
      "name": "spokeR8",
      "mesh": 23
    },
    {
      "matrix": [
        1,
        0,
        0,
        0,
        0,
        -1,
        1.2246467991473532e-16,
        0,
        0,
        -1.2246467991473532e-16,
        -1,
        0,
        0.075,
        4.722874306084577,
        0.1627027996301062,
        1
      ],
      "name": "spokeR9",
      "mesh": 23
    },
    {
      "matrix": [
        1,
        0,
        0,
        0,
        0,
        -0.9238795325112867,
        -0.3826834323650896,
        0,
        0,
        0.3826834323650896,
        -0.9238795325112867,
        0,
        0.075,
        4.758137993142372,
        -0.12831789000117289,
        1
      ],
      "name": "spokeR10",
      "mesh": 23
    },
    {
      "matrix": [
        1,
        0,
        0,
        0,
        0,
        -0.7071067811865475,
        -0.7071067811865475,
        0,
        0,
        0.7071067811865475,
        -0.7071067811865475,
        0,
        0.075,
        4.917364997596983,
        -0.37035218124166974,
        1
      ],
      "name": "spokeR11",
      "mesh": 23
    },
    {
      "matrix": [
        1,
        0,
        0,
        0,
        0,
        -0.3826834323650894,
        -0.9238795325112867,
        0,
        0,
        0.9238795325112867,
        -0.3826834323650894,
        0,
        0.075,
        5.16042880571973,
        -0.533308840277323,
        1
      ],
      "name": "spokeR12",
      "mesh": 23
    },
    {
      "matrix": [
        1,
        0,
        0,
        0,
        0,
        2.220446049250313e-16,
        1,
        0,
        0,
        -1,
        2.220446049250313e-16,
        0,
        0.075,
        5.450006644505674,
        -0.58,
        1
      ],
      "name": "spokeR13",
      "mesh": 23
    },
    {
      "matrix": [
        1,
        0,
        0,
        0,
        0,
        0.38268343236508984,
        -0.9238795325112868,
        0,
        0,
        0.9238795325112868,
        0.38268343236508984,
        0,
        0.075,
        5.75002607422398,
        -0.524601094587221,
        1
      ],
      "name": "spokeR14",
      "mesh": 23
    },
    {
      "matrix": [
        1,
        0,
        0,
        0,
        0,
        0.7071067811865474,
        -0.7071067811865477,
        0,
        0,
        0.7071067811865477,
        0.7071067811865474,
        0,
        0.075,
        5.988421183176779,
        -0.36096886949554485,
        1
      ],
      "name": "spokeR15",
      "mesh": 23
    },
    {
      "matrix": [
        1,
        0,
        0,
        0,
        0,
        0.9238795325112868,
        -0.38268343236508956,
        0,
        0,
        0.38268343236508956,
        0.9238795325112868,
        0,
        0.075,
        6.150427630802608,
        -0.1215181458798407,
        1
      ],
      "name": "spokeR16",
      "mesh": 23
    },
    {
      "matrix": [
        1,
        0,
        0,
        0,
        0,
        1,
        0,
        0,
        0,
        0,
        1,
        0,
        -0.075,
        6.164134665539665,
        0.17,
        1
      ],
      "name": "spokeL1",
      "mesh": 23
    },
    {
      "matrix": [
        1,
        0,
        0,
        0,
        0,
        0.9238795325112867,
        0.3826834323650897,
        0,
        0,
        -0.3826834323650897,
        0.9238795325112867,
        0,
        -0.075,
        6.150427630802608,
        0.46513732121994467,
        1
      ],
      "name": "spokeL2",
      "mesh": 23
    },
    {
      "matrix": [
        1,
        0,
        0,
        0,
        0,
        0.7071067811865475,
        0.7071067811865476,
        0,
        0,
        -0.7071067811865476,
        0.7071067811865475,
        0,
        -0.075,
        5.984179543320834,
        0.7099547360248311,
        1
      ],
      "name": "spokeL3",
      "mesh": 23
    },
    {
      "matrix": [
        1,
        0,
        0,
        0,
        0,
        0.38268343236508984,
        0.9238795325112866,
        0,
        0,
        -0.9238795325112866,
        0.38268343236508984,
        0,
        -0.075,
        5.741626153907907,
        0.8639258739784197,
        1
      ],
      "name": "spokeL4",
      "mesh": 23
    },
    {
      "matrix": [
        1,
        0,
        0,
        0,
        0,
        2.220446049250313e-16,
        1,
        0,
        0,
        -1,
        2.220446049250313e-16,
        0,
        -0.075,
        5.45,
        0.9300846273963337,
        1
      ],
      "name": "spokeL5",
      "mesh": 23
    },
    {
      "matrix": [
        1,
        0,
        0,
        0,
        0,
        -0.38268343236508984,
        0.9238795325112868,
        0,
        0,
        -0.9238795325112868,
        -0.38268343236508984,
        0,
        -0.075,
        5.159299328131971,
        0.8671528809449598,
        1
      ],
      "name": "spokeL6",
      "mesh": 23
    },
    {
      "matrix": [
        1,
        0,
        0,
        0,
        0,
        -0.7071067811865475,
        0.7071067811865477,
        0,
        0,
        -0.7071067811865477,
        -0.7071067811865475,
        0,
        -0.075,
        4.9186197364456525,
        0.7048240608943535,
        1
      ],
      "name": "spokeL7",
      "mesh": 23
    },
    {
      "matrix": [
        1,
        0,
        0,
        0,
        0,
        -0.9238795325112867,
        0.3826834323650899,
        0,
        0,
        -0.3826834323650899,
        -0.9238795325112867,
        0,
        -0.075,
        4.755686707656318,
        0.46030762753867027,
        1
      ],
      "name": "spokeL8",
      "mesh": 23
    },
    {
      "matrix": [
        1,
        0,
        0,
        0,
        0,
        -1,
        1.2246467991473532e-16,
        0,
        0,
        -1.2246467991473532e-16,
        -1,
        0,
        -0.075,
        4.722874306084577,
        0.1627027996301062,
        1
      ],
      "name": "spokeL9",
      "mesh": 23
    },
    {
      "matrix": [
        1,
        0,
        0,
        0,
        0,
        -0.9238795325112867,
        -0.3826834323650896,
        0,
        0,
        0.3826834323650896,
        -0.9238795325112867,
        0,
        -0.075,
        4.758137993142372,
        -0.12831789000117289,
        1
      ],
      "name": "spokeL10",
      "mesh": 23
    },
    {
      "matrix": [
        1,
        0,
        0,
        0,
        0,
        -0.7071067811865475,
        -0.7071067811865475,
        0,
        0,
        0.7071067811865475,
        -0.7071067811865475,
        0,
        -0.075,
        4.917364997596983,
        -0.37035218124166974,
        1
      ],
      "name": "spokeL11",
      "mesh": 23
    },
    {
      "matrix": [
        1,
        0,
        0,
        0,
        0,
        -0.3826834323650894,
        -0.9238795325112867,
        0,
        0,
        0.9238795325112867,
        -0.3826834323650894,
        0,
        -0.075,
        5.16042880571973,
        -0.533308840277323,
        1
      ],
      "name": "spokeL12",
      "mesh": 23
    },
    {
      "matrix": [
        1,
        0,
        0,
        0,
        0,
        2.220446049250313e-16,
        1,
        0,
        0,
        -1,
        2.220446049250313e-16,
        0,
        -0.075,
        5.450006644505674,
        -0.58,
        1
      ],
      "name": "spokeL13",
      "mesh": 23
    },
    {
      "matrix": [
        1,
        0,
        0,
        0,
        0,
        0.38268343236508984,
        -0.9238795325112868,
        0,
        0,
        0.9238795325112868,
        0.38268343236508984,
        0,
        -0.075,
        5.75002607422398,
        -0.524601094587221,
        1
      ],
      "name": "spokeL14",
      "mesh": 23
    },
    {
      "matrix": [
        1,
        0,
        0,
        0,
        0,
        0.7071067811865474,
        -0.7071067811865477,
        0,
        0,
        0.7071067811865477,
        0.7071067811865474,
        0,
        -0.075,
        5.988421183176779,
        -0.36096886949554485,
        1
      ],
      "name": "spokeL15",
      "mesh": 23
    },
    {
      "matrix": [
        1,
        0,
        0,
        0,
        0,
        0.9238795325112868,
        -0.38268343236508956,
        0,
        0,
        0.38268343236508956,
        0.9238795325112868,
        0,
        -0.075,
        6.150427630802608,
        -0.1215181458798407,
        1
      ],
      "name": "spokeL16",
      "mesh": 23
    }
  ],
  "extensions": {
    "KHR_lights_punctual": {
      "lights": [
        {
          "name": "DirectionalLight",
          "color": [
            1,
            1,
            1
          ],
          "intensity": 1,
          "type": "directional"
        }
      ]
    }
  },
  "bufferViews": [
    {
      "buffer": 0,
      "byteOffset": 0,
      "byteLength": 2352,
      "target": 34962,
      "byteStride": 12
    },
    {
      "buffer": 0,
      "byteOffset": 2352,
      "byteLength": 2352,
      "target": 34962,
      "byteStride": 12
    },
    {
      "buffer": 0,
      "byteOffset": 4704,
      "byteLength": 1568,
      "target": 34962,
      "byteStride": 8
    },
    {
      "buffer": 0,
      "byteOffset": 6272,
      "byteLength": 768,
      "target": 34963
    },
    {
      "buffer": 0,
      "byteOffset": 7040,
      "byteLength": 7644,
      "target": 34962,
      "byteStride": 12
    },
    {
      "buffer": 0,
      "byteOffset": 14684,
      "byteLength": 7644,
      "target": 34962,
      "byteStride": 12
    },
    {
      "buffer": 0,
      "byteOffset": 22328,
      "byteLength": 5096,
      "target": 34962,
      "byteStride": 8
    },
    {
      "buffer": 0,
      "byteOffset": 27424,
      "byteLength": 6912,
      "target": 34963
    },
    {
      "buffer": 0,
      "byteOffset": 34336,
      "byteLength": 2352,
      "target": 34962,
      "byteStride": 12
    },
    {
      "buffer": 0,
      "byteOffset": 36688,
      "byteLength": 2352,
      "target": 34962,
      "byteStride": 12
    },
    {
      "buffer": 0,
      "byteOffset": 39040,
      "byteLength": 1568,
      "target": 34962,
      "byteStride": 8
    },
    {
      "buffer": 0,
      "byteOffset": 40608,
      "byteLength": 768,
      "target": 34963
    },
    {
      "buffer": 0,
      "byteOffset": 41376,
      "byteLength": 6732,
      "target": 34962,
      "byteStride": 12
    },
    {
      "buffer": 0,
      "byteOffset": 48108,
      "byteLength": 6732,
      "target": 34962,
      "byteStride": 12
    },
    {
      "buffer": 0,
      "byteOffset": 54840,
      "byteLength": 4488,
      "target": 34962,
      "byteStride": 8
    },
    {
      "buffer": 0,
      "byteOffset": 59328,
      "byteLength": 5760,
      "target": 34963
    },
    {
      "buffer": 0,
      "byteOffset": 65088,
      "byteLength": 2352,
      "target": 34962,
      "byteStride": 12
    },
    {
      "buffer": 0,
      "byteOffset": 67440,
      "byteLength": 2352,
      "target": 34962,
      "byteStride": 12
    },
    {
      "buffer": 0,
      "byteOffset": 69792,
      "byteLength": 1568,
      "target": 34962,
      "byteStride": 8
    },
    {
      "buffer": 0,
      "byteOffset": 71360,
      "byteLength": 768,
      "target": 34963
    },
    {
      "buffer": 0,
      "byteOffset": 72128,
      "byteLength": 2352,
      "target": 34962,
      "byteStride": 12
    },
    {
      "buffer": 0,
      "byteOffset": 74480,
      "byteLength": 2352,
      "target": 34962,
      "byteStride": 12
    },
    {
      "buffer": 0,
      "byteOffset": 76832,
      "byteLength": 1568,
      "target": 34962,
      "byteStride": 8
    },
    {
      "buffer": 0,
      "byteOffset": 78400,
      "byteLength": 768,
      "target": 34963
    },
    {
      "buffer": 0,
      "byteOffset": 79168,
      "byteLength": 2352,
      "target": 34962,
      "byteStride": 12
    },
    {
      "buffer": 0,
      "byteOffset": 81520,
      "byteLength": 2352,
      "target": 34962,
      "byteStride": 12
    },
    {
      "buffer": 0,
      "byteOffset": 83872,
      "byteLength": 1568,
      "target": 34962,
      "byteStride": 8
    },
    {
      "buffer": 0,
      "byteOffset": 85440,
      "byteLength": 768,
      "target": 34963
    },
    {
      "buffer": 0,
      "byteOffset": 86208,
      "byteLength": 2352,
      "target": 34962,
      "byteStride": 12
    },
    {
      "buffer": 0,
      "byteOffset": 88560,
      "byteLength": 2352,
      "target": 34962,
      "byteStride": 12
    },
    {
      "buffer": 0,
      "byteOffset": 90912,
      "byteLength": 1568,
      "target": 34962,
      "byteStride": 8
    },
    {
      "buffer": 0,
      "byteOffset": 92480,
      "byteLength": 768,
      "target": 34963
    },
    {
      "buffer": 0,
      "byteOffset": 93248,
      "byteLength": 2352,
      "target": 34962,
      "byteStride": 12
    },
    {
      "buffer": 0,
      "byteOffset": 95600,
      "byteLength": 2352,
      "target": 34962,
      "byteStride": 12
    },
    {
      "buffer": 0,
      "byteOffset": 97952,
      "byteLength": 1568,
      "target": 34962,
      "byteStride": 8
    },
    {
      "buffer": 0,
      "byteOffset": 99520,
      "byteLength": 768,
      "target": 34963
    },
    {
      "buffer": 0,
      "byteOffset": 100288,
      "byteLength": 2352,
      "target": 34962,
      "byteStride": 12
    },
    {
      "buffer": 0,
      "byteOffset": 102640,
      "byteLength": 2352,
      "target": 34962,
      "byteStride": 12
    },
    {
      "buffer": 0,
      "byteOffset": 104992,
      "byteLength": 1568,
      "target": 34962,
      "byteStride": 8
    },
    {
      "buffer": 0,
      "byteOffset": 106560,
      "byteLength": 768,
      "target": 34963
    },
    {
      "buffer": 0,
      "byteOffset": 107328,
      "byteLength": 7644,
      "target": 34962,
      "byteStride": 12
    },
    {
      "buffer": 0,
      "byteOffset": 114972,
      "byteLength": 7644,
      "target": 34962,
      "byteStride": 12
    },
    {
      "buffer": 0,
      "byteOffset": 122616,
      "byteLength": 5096,
      "target": 34962,
      "byteStride": 8
    },
    {
      "buffer": 0,
      "byteOffset": 127712,
      "byteLength": 6912,
      "target": 34963
    },
    {
      "buffer": 0,
      "byteOffset": 134624,
      "byteLength": 7020,
      "target": 34962,
      "byteStride": 12
    },
    {
      "buffer": 0,
      "byteOffset": 141644,
      "byteLength": 7020,
      "target": 34962,
      "byteStride": 12
    },
    {
      "buffer": 0,
      "byteOffset": 148664,
      "byteLength": 4680,
      "target": 34962,
      "byteStride": 8
    },
    {
      "buffer": 0,
      "byteOffset": 153344,
      "byteLength": 6144,
      "target": 34963
    },
    {
      "buffer": 0,
      "byteOffset": 159488,
      "byteLength": 408,
      "target": 34962,
      "byteStride": 12
    },
    {
      "buffer": 0,
      "byteOffset": 159896,
      "byteLength": 408,
      "target": 34962,
      "byteStride": 12
    },
    {
      "buffer": 0,
      "byteOffset": 160304,
      "byteLength": 272,
      "target": 34962,
      "byteStride": 8
    },
    {
      "buffer": 0,
      "byteOffset": 160576,
      "byteLength": 192,
      "target": 34963
    },
    {
      "buffer": 0,
      "byteOffset": 160768,
      "byteLength": 408,
      "target": 34962,
      "byteStride": 12
    },
    {
      "buffer": 0,
      "byteOffset": 161176,
      "byteLength": 408,
      "target": 34962,
      "byteStride": 12
    },
    {
      "buffer": 0,
      "byteOffset": 161584,
      "byteLength": 272,
      "target": 34962,
      "byteStride": 8
    },
    {
      "buffer": 0,
      "byteOffset": 161856,
      "byteLength": 192,
      "target": 34963
    },
    {
      "buffer": 0,
      "byteOffset": 162048,
      "byteLength": 2352,
      "target": 34962,
      "byteStride": 12
    },
    {
      "buffer": 0,
      "byteOffset": 164400,
      "byteLength": 2352,
      "target": 34962,
      "byteStride": 12
    },
    {
      "buffer": 0,
      "byteOffset": 166752,
      "byteLength": 1568,
      "target": 34962,
      "byteStride": 8
    },
    {
      "buffer": 0,
      "byteOffset": 168320,
      "byteLength": 768,
      "target": 34963
    },
    {
      "buffer": 0,
      "byteOffset": 169088,
      "byteLength": 2352,
      "target": 34962,
      "byteStride": 12
    },
    {
      "buffer": 0,
      "byteOffset": 171440,
      "byteLength": 2352,
      "target": 34962,
      "byteStride": 12
    },
    {
      "buffer": 0,
      "byteOffset": 173792,
      "byteLength": 1568,
      "target": 34962,
      "byteStride": 8
    },
    {
      "buffer": 0,
      "byteOffset": 175360,
      "byteLength": 768,
      "target": 34963
    },
    {
      "buffer": 0,
      "byteOffset": 176128,
      "byteLength": 2352,
      "target": 34962,
      "byteStride": 12
    },
    {
      "buffer": 0,
      "byteOffset": 178480,
      "byteLength": 2352,
      "target": 34962,
      "byteStride": 12
    },
    {
      "buffer": 0,
      "byteOffset": 180832,
      "byteLength": 1568,
      "target": 34962,
      "byteStride": 8
    },
    {
      "buffer": 0,
      "byteOffset": 182400,
      "byteLength": 768,
      "target": 34963
    },
    {
      "buffer": 0,
      "byteOffset": 183168,
      "byteLength": 7644,
      "target": 34962,
      "byteStride": 12
    },
    {
      "buffer": 0,
      "byteOffset": 190812,
      "byteLength": 7644,
      "target": 34962,
      "byteStride": 12
    },
    {
      "buffer": 0,
      "byteOffset": 198456,
      "byteLength": 5096,
      "target": 34962,
      "byteStride": 8
    },
    {
      "buffer": 0,
      "byteOffset": 203552,
      "byteLength": 6912,
      "target": 34963
    },
    {
      "buffer": 0,
      "byteOffset": 210464,
      "byteLength": 7644,
      "target": 34962,
      "byteStride": 12
    },
    {
      "buffer": 0,
      "byteOffset": 218108,
      "byteLength": 7644,
      "target": 34962,
      "byteStride": 12
    },
    {
      "buffer": 0,
      "byteOffset": 225752,
      "byteLength": 5096,
      "target": 34962,
      "byteStride": 8
    },
    {
      "buffer": 0,
      "byteOffset": 230848,
      "byteLength": 6912,
      "target": 34963
    },
    {
      "buffer": 0,
      "byteOffset": 237760,
      "byteLength": 792,
      "target": 34962,
      "byteStride": 12
    },
    {
      "buffer": 0,
      "byteOffset": 238552,
      "byteLength": 792,
      "target": 34962,
      "byteStride": 12
    },
    {
      "buffer": 0,
      "byteOffset": 239344,
      "byteLength": 528,
      "target": 34962,
      "byteStride": 8
    },
    {
      "buffer": 0,
      "byteOffset": 239872,
      "byteLength": 384,
      "target": 34963
    },
    {
      "buffer": 0,
      "byteOffset": 240256,
      "byteLength": 2352,
      "target": 34962,
      "byteStride": 12
    },
    {
      "buffer": 0,
      "byteOffset": 242608,
      "byteLength": 2352,
      "target": 34962,
      "byteStride": 12
    },
    {
      "buffer": 0,
      "byteOffset": 244960,
      "byteLength": 1568,
      "target": 34962,
      "byteStride": 8
    },
    {
      "buffer": 0,
      "byteOffset": 246528,
      "byteLength": 768,
      "target": 34963
    },
    {
      "buffer": 0,
      "byteOffset": 247296,
      "byteLength": 2352,
      "target": 34962,
      "byteStride": 12
    },
    {
      "buffer": 0,
      "byteOffset": 249648,
      "byteLength": 2352,
      "target": 34962,
      "byteStride": 12
    },
    {
      "buffer": 0,
      "byteOffset": 252000,
      "byteLength": 1568,
      "target": 34962,
      "byteStride": 8
    },
    {
      "buffer": 0,
      "byteOffset": 253568,
      "byteLength": 768,
      "target": 34963
    },
    {
      "buffer": 0,
      "byteOffset": 254336,
      "byteLength": 2352,
      "target": 34962,
      "byteStride": 12
    },
    {
      "buffer": 0,
      "byteOffset": 256688,
      "byteLength": 2352,
      "target": 34962,
      "byteStride": 12
    },
    {
      "buffer": 0,
      "byteOffset": 259040,
      "byteLength": 1568,
      "target": 34962,
      "byteStride": 8
    },
    {
      "buffer": 0,
      "byteOffset": 260608,
      "byteLength": 768,
      "target": 34963
    },
    {
      "buffer": 0,
      "byteOffset": 261376,
      "byteLength": 2352,
      "target": 34962,
      "byteStride": 12
    },
    {
      "buffer": 0,
      "byteOffset": 263728,
      "byteLength": 2352,
      "target": 34962,
      "byteStride": 12
    },
    {
      "buffer": 0,
      "byteOffset": 266080,
      "byteLength": 1568,
      "target": 34962,
      "byteStride": 8
    },
    {
      "buffer": 0,
      "byteOffset": 267648,
      "byteLength": 768,
      "target": 34963
    }
  ],
  "buffers": [
    {
      "byteLength": 268416,
