{
  "asset": {
    "version": "2.0",
    "generator": "THREE.GLTFExporter r183"
  },
  "scenes": [
    {
      "name": "Scene",
      "nodes": [
        0,
        1,
        2,
        3
      ]
    }
  ],
  "scene": 0,
  "nodes": [
    {
      "name": "AmbientLight"
    },
    {
      "matrix": [
        1,
        0,
        0,
        0,
        0,
        1,
        0,
        0,
        0,
        0,
        1,
        0,
        0,
        18.561074445408387,
        0,
        1
      ],
      "name": "HemisphereLight"
    },
    {
      "matrix": [
        1,
        0,
        0,
        0,
        0,
        1,
        0,
        0,
        0,
        0,
        1,
        0,
        -9.606301967214888,
        16.533070714141225,
        7.5,
        1
      ],
      "name": "DirectionalLight",
      "extensions": {
        "KHR_lights_punctual": {
          "light": 0
        }
      }
    },
    {
      "name": "ensemble",
      "children": [
        4,
        23,
        35
      ]
    },
    {
      "name": "stool",
      "children": [
        5,
        6,
        7,
        8,
        9,
        10,
        11,
        12,
        13,
        14,
        15,
        16,
        17,
        18,
        19,
        20,
        21,
        22
      ]
    },
    {
      "matrix": [
        1.1102230246251566e-17,
        1.1102230246251566e-17,
        0.05,
        0,
        -1.5,
        0,
        3.3306690738754696e-16,
        0,
        0,
        -0.05,
        1.1102230246251566e-17,
        0,
        0,
        1,
        -0.8,
        1
      ],
      "name": "bottomStrut4",
      "mesh": 0
    },
    {
      "matrix": [
        1.1102230246251566e-17,
        1.1102230246251566e-17,
        0.05,
        0,
        -1.5,
        0,
        3.3306690738754696e-16,
        0,
        0,
        -0.05,
        1.1102230246251566e-17,
        0,
        0,
        1,
        0.8,
        1
      ],
      "name": "bottomStrut3",
      "mesh": 0
    },
    {
      "matrix": [
        0.05,
        0,
        0,
        0,
        0,
        3.3306690738754696e-16,
        1.5,
        0,
        0,
        -0.05,
        1.1102230246251566e-17,
        0,
        0.8,
        1.15,
        0,
        1
      ],
      "name": "bottomStrut2",
      "mesh": 0
    },
    {
      "matrix": [
        0.05,
        0,
        0,
        0,
        0,
        3.3306690738754696e-16,
        1.5,
        0,
        0,
        -0.05,
        1.1102230246251566e-17,
        0,
        -0.8,
        1.15,
        0,
        1
      ],
      "name": "bottomStrut1",
      "mesh": 0
    },
    {
      "matrix": [
        1.1102230246251566e-17,
        1.1102230246251566e-17,
        0.05,
        0,
        -1.2,
        0,
        2.6645352591003756e-16,
        0,
        0,
        -0.05,
        1.1102230246251566e-17,
        0,
        0,
        2.2,
        -0.6,
        1
      ],
      "name": "topStrut4",
      "mesh": 0
    },
    {
      "matrix": [
        1.1102230246251566e-17,
        1.1102230246251566e-17,
        0.05,
        0,
        -1.2,
        0,
        2.6645352591003756e-16,
        0,
        0,
        -0.05,
        1.1102230246251566e-17,
        0,
        0,
        2.2,
        0.6,
        1
      ],
      "name": "topStrut3",
      "mesh": 0
    },
    {
      "matrix": [
        0.05,
        0,
        0,
        0,
        0,
        2.6645352591003756e-16,
        1.2,
        0,
        0,
        -0.05,
        1.1102230246251566e-17,
        0,
        0.5917497628323145,
        2.3502057545804087,
        0,
        1
      ],
      "name": "topStrut2",
      "mesh": 0
    },
    {
      "matrix": [
        0.05,
        0,
        0,
        0,
        0,
        2.6645352591003756e-16,
        1.2,
        0,
        0,
        -0.05,
        1.1102230246251566e-17,
        0,
        -0.6,
        2.3502891276715054,
        0,
        1
      ],
      "name": "topStrut1",
      "mesh": 0
    },
    {
      "matrix": [
        1,
        0,
        0,
        0,
        0,
        1,
        0,
        0,
        0,
        0,
        1,
        0,
        -1.005,
        0.04973805892812694,
        -1,
        1
      ],
      "name": "foot4",
      "mesh": 1
    },
    {
      "matrix": [
        0.09848077530122076,
        -0.017101007166283433,
        -0.0030153689607045806,
        0,
        0.6077686218342561,
        3.3944620863753387,
        0.5985352508199204,
        0,
        -3.469446951953613e-19,
        -0.017364817766693037,
        0.09848077530122076,
        0,
        -0.7,
        1.75,
        -0.7,
        1
      ],
      "name": "leg4",
      "mesh": 2
    },
    {
      "matrix": [
        1,
        0,
        0,
        0,
        0,
        1,
        0,
        0,
        0,
        0,
        1,
        0,
        1.005,
        0.04973805892812694,
        -1,
        1
      ],
      "name": "foot3",
      "mesh": 1
    },
    {
      "matrix": [
        0.09848077530122076,
        0.017101007166283433,
        0.0030153689607045806,
        0,
        -0.6077686218342561,
        3.3944620863753387,
        0.5985352508199204,
        0,
        3.469446951953613e-19,
        -0.017364817766693037,
        0.09848077530122076,
        0,
        0.7,
        1.75,
        -0.7,
        1
      ],
      "name": "leg3",
      "mesh": 3
    },
    {
      "matrix": [
        1,
        0,
        0,
        0,
        0,
        1,
        0,
        0,
        0,
        0,
        1,
        0,
        -1.005,
        0.04973805892812694,
        1.0001528842361582,
        1
      ],
      "name": "foot2",
      "mesh": 1
    },
    {
      "matrix": [
        0.09848077530122076,
        -0.017101007166283433,
        0.0030153689607045806,
        0,
        0.6077686218342561,
        3.3944620863753387,
        -0.5985352508199204,
        0,
        3.469446951953613e-19,
        0.017364817766693037,
        0.09848077530122076,
        0,
        -0.7,
        1.75,
        0.7,
        1
      ],
      "name": "leg2",
      "mesh": 4
    },
    {
      "matrix": [
        1,
        0,
        0,
        0,
        0,
        1,
        0,
        0,
        0,
        0,
        1,
        0,
        1.0050004362177938,
        0.04973805892812694,
        1.0001528842361582,
        1
      ],
      "name": "foot1",
      "mesh": 1
    },
    {
      "matrix": [
        0.09848077530122076,
        0.017101007166283433,
        -0.0030153689607045806,
        0,
        -0.6077686218342561,
        3.3944620863753387,
        -0.5985352508199204,
        0,
        -3.469446951953613e-19,
        0.017364817766693037,
        0.09848077530122076,
        0,
        0.7,
        1.75,
        0.7,
        1
      ],
      "name": "leg1",
      "mesh": 5
    },
    {
      "matrix": [
        0.8,
        0,
        0,
        0,
        0,
        1.7763568394002506e-16,
        0.8,
        0,
        0,
        -0.8,
        1.7763568394002506e-16,
        0,
        0.003775780992475275,
        3.48,
        0,
        1
      ],
      "name": "stoolTopEdge",
      "mesh": 6
    },
    {
      "matrix": [
        0.8,
        0,
        0,
        0,
        0,
        0.1,
        0,
        0,
        0,
        0,
        0.8,
        0,
        0,
        3.51,
        0,
        1
      ],
      "name": "stoolTop",
      "mesh": 7
    },
    {
      "name": "fork",
      "children": [
        24,
        25,
        26,
        27,
        28,
        29,
        30,
        31,
        32,
        33,
        34
      ]
    },
    {
      "matrix": [
        0.75,
        0,
        0,
        0,
        0,
        0.4352310993723258,
        -0.9003187714021936,
        0,
        0,
        0.9003187714021936,
        0.4352310993723258,
        0,
        0.18140709003952618,
        5.497775480325407,
        0.19966339851346285,
        1
      ],
      "name": "forkCapR",
      "mesh": 8
    },
    {
      "matrix": [
        0.75,
        0,
        0,
        0,
        0,
        1,
        0,
        0,
        0,
        0,
        1,
        0,
        0.18,
        3.79876347641833,
        0,
        1
      ],
      "name": "forkTubeR",
      "mesh": 9
    },
    {
      "matrix": [
        0.75,
        0,
        0,
        0,
        0,
        0.4352310993723258,
        -0.9003187714021936,
        0,
        0,
        0.9003187714021936,
        0.4352310993723258,
        0,
        -0.181,
        5.497775480325407,
        0.19966339851346285,
        1
      ],
      "name": "forkCapL",
      "mesh": 10
    },
    {
      "matrix": [
        0.75,
        0,
        0,
        0,
        0,
        1,
        0,
        0,
        0,
        0,
        1,
        0,
        -0.18,
        3.79876347641833,
        0,
        1
      ],
      "name": "forkTubeL",
      "mesh": 9
    },
    {
      "matrix": [
        0.75,
        0,
        0,
        0,
        0,
        -1,
        1.2246467991473532e-16,
        0,
        0,
        -1.2246467991473532e-16,
        -1,
        0,
        0,
        3.832642080276543,
        0,
        1
      ],
      "name": "forkCrown",
      "mesh": 11
    },
    {
      "matrix": [
        1,
        0,
        0,
        0,
        0,
        1,
        0,
        0,
        0,
        0,
        1,
        0,
        0,
        3.3114915399472835,
        0,
        1
      ],
      "name": "steerTubeCollar",
      "mesh": 12
    },
    {
      "matrix": [
        1,
        0,
        0,
        0,
        0,
        0.7,
        0,
        0,
        0,
        0,
        1,
        0,
        0,
        3.1439616048474117,
        0,
        1
      ],
      "name": "steerTube",
      "mesh": 13
    },
    {
      "matrix": [
        1,
        0,
        0,
        0,
        0,
        0.9781476007338057,
        0.20791169081775907,
        0,
        0,
        -0.20791169081775907,
        0.9781476007338057,
        0,
        0.223,
        5.45,
        0.17063149700757207,
        1
      ],
      "name": "axleNut1R",
      "mesh": 14
    },
    {
      "matrix": [
        1,
        0,
        0,
        0,
        0,
        0.5446390350150269,
        0.8386705679454242,
        0,
        0,
        -0.8386705679454242,
        0.5446390350150269,
        0,
        0.223,
        5.45,
        0.17072528996747843,
        1
      ],
      "name": "axleNut2R",
      "mesh": 15
    },
    {
      "matrix": [
        1,
        0,
        0,
        0,
        0,
        0.9781476007338057,
        0.20791169081775907,
        0,
        0,
        -0.20791169081775907,
        0.9781476007338057,
        0,
        -0.22339046486546188,
        5.45,
        0.17063149700757207,
        1
      ],
      "name": "axleNut1L",
      "mesh": 14
    },
    {
      "matrix": [
        1,
        0,
        0,
        0,
        0,
        0.5446390350150269,
        0.8386705679454242,
        0,
        0,
        -0.8386705679454242,
        0.5446390350150269,
        0,
        -0.22339046486546188,
        5.45,
        0.17072528996747843,
        1
      ],
      "name": "axleNut2L",
      "mesh": 15
    },
    {
      "name": "spinningWheel",
      "children": [
        36,
        45,
        54,
        59
      ]
    },
    {
      "name": "spokeAngledsL",
      "children": [
        37,
        38,
        39,
        40,
        41,
        42,
        43,
        44
      ]
    },
    {
      "matrix": [
        0.9982398279237653,
        -0.059306373575961614,
        0,
        0,
        0.059306373575961614,
        0.9982398279237653,
        0,
        0,
        0,
        0,
        1,
        0,
        -0.03996615651920361,
        6.231758603049248,
        0.17,
        1
      ],
      "name": "spokeL1ang",
      "mesh": 16
    },
    {
      "matrix": [
        0.9982398279237653,
        -0.04193593892314512,
        -0.04193593892314513,
        0,
        0.05930637357596161,
        0.7058621515753868,
        0.7058621515753867,
        0,
        0,
        -0.7071067811865475,
        0.7071067811865476,
        0,
        -0.03245141052370368,
        6.023429622281062,
        0.7482396471773023,
        1
      ],
      "name": "spokeL2ang",
      "mesh": 16
    },
    {
      "matrix": [
        0.9982398279237653,
        -1.0408340855860843e-17,
        -0.059306373575961614,
        0,
        0.05930637357596161,
        1.1102230246251565e-16,
        0.9982398279237653,
        0,
        0,
        -1,
        1.1102230246251565e-16,
        0,
        -0.036249736959558174,
        5.451461924468396,
        0.9503920883549328,
        1
      ],
      "name": "spokeL3ang",
      "mesh": 16
    },
    {
      "matrix": [
        0.9982398279237653,
        0.04193593892314512,
        -0.041935938923145136,
        0,
        0.05930637357596161,
        -0.7058621515753862,
        0.7058621515753868,
        0,
        0,
        -0.7071067811865476,
        -0.707106781186547,
        0,
        -0.04106226391441621,
        4.939645245132785,
        0.6789032118022635,
        1
      ],
      "name": "spokeL4ang",
      "mesh": 17
    },
    {
      "matrix": [
        0.9982398279237653,
        0.05930637357596161,
        -7.262936056883855e-18,
        0,
        0.05930637357596161,
        -0.9982398279237652,
        1.2224912100482437e-16,
        0,
        0,
        -1.224646799147353e-16,
        -1,
        0,
        -0.03996615651920361,
        4.72147171294624,
        0.17,
        1
      ],
      "name": "spokeL5ang",
      "mesh": 18
    },
    {
      "matrix": [
        0.9982398279237653,
        0.04193593892314513,
        0.04193593892314512,
        0,
        0.0593063735759616,
        -0.7058621515753862,
        -0.7058621515753866,
        0,
        0,
        0.7071067811865474,
        -0.707106781186547,
        0,
        -0.038022965269929945,
        4.928676119192682,
        -0.35969087320710613,
        1
      ],
      "name": "spokeL6ang",
      "mesh": 19
    },
    {
      "matrix": [
        0.9982398279237653,
        1.0408340855860843e-17,
        0.059306373575961614,
        0,
        0.05930637357596161,
        -2.220446049250313e-16,
        -0.9982398279237653,
        0,
        0,
        1,
        -2.220446049250313e-16,
        0,
        -0.03913104898259587,
        5.450750319241722,
        -0.5559942003473898,
        1
      ],
      "name": "spokeL7ang",
      "mesh": 20
    },
    {
      "matrix": [
        0.9982398279237653,
        -0.04193593892314512,
        0.04193593892314514,
        0,
        0.05930637357596161,
        0.7058621515753867,
        -0.7058621515753869,
        0,
        0,
        0.7071067811865477,
        0.7071067811865475,
        0,
        -0.03532832667219146,
        6.002446374673895,
        -0.3747318963855076,
        1
      ],
      "name": "spokeL8ang",
      "mesh": 16
    },
    {
      "matrix": [
        -1,
        0,
        0,
        0,
        0,
        0.9238795325112867,
        0.3826834323650897,
        0,
        0,
        -0.3826834323650897,
        0.9238795325112867,
        0,
        0,
        0.485,
        -2.068,
        1
      ],
      "name": "spokeAngledsR",
      "children": [
        46,
        47,
        48,
        49,
        50,
        51,
        52,
        53
      ]
    },
    {
      "matrix": [
        0.9982398279237653,
        -0.059306373575961614,
        0,
        0,
        0.059306373575961614,
        0.9982398279237653,
        0,
        0,
        0,
        0,
        1,
        0,
        -0.03375889632136732,
        6.232878339324161,
        0.17009769359508467,
        1
      ],
      "name": "spokeR1ang",
      "mesh": 16
    },
    {
      "matrix": [
        0.9982398279237653,
        -0.04193593892314512,
        -0.04193593892314513,
        0,
        0.05930637357596161,
        0.7058621515753868,
        0.7058621515753867,
        0,
        0,
        -0.7071067811865475,
        0.7071067811865476,
        0,
        -0.03245141052370368,
        6.023429622281062,
        0.7482396471773023,
        1
      ],
      "name": "spokeR2ang",
      "mesh": 16
    },
    {
      "matrix": [
        0.9982398279237653,
        -1.0408340855860843e-17,
        -0.059306373575961614,
        0,
        0.05930637357596161,
        1.1102230246251565e-16,
        0.9982398279237653,
        0,
        0,
        -1,
        1.1102230246251565e-16,
        0,
        -0.036249736959558174,
        5.4521683291076695,
        0.9448306633065032,
        1
      ],
      "name": "spokeR3ang",
      "mesh": 16
    },
    {
      "matrix": [
        0.9982398279237653,
        0.04193593892314512,
        -0.041935938923145136,
        0,
        0.05930637357596161,
        -0.7058621515753862,
        0.7058621515753868,
        0,
        0,
        -0.7071067811865476,
        -0.707106781186547,
        0,
        -0.0369021991785511,
        4.931009403247254,
        0.6866789878401389,
        1
      ],
      "name": "spokeR4ang",
      "mesh": 21
    },
    {
      "matrix": [
        0.9982398279237653,
        0.05930637357596161,
        -7.262936056883855e-18,
        0,
        0.05930637357596161,
        -0.9982398279237652,
        1.2224912100482437e-16,
        0,
        0,
        -1.224646799147353e-16,
        -1,
        0,
        -0.03996615651920361,
        4.695838691362836,
        0.16647179135153406,
        1
      ],
      "name": "spokeR5ang",
      "mesh": 22
    },
    {
      "matrix": [
        0.9982398279237653,
        0.04193593892314513,
        0.04193593892314512,
        0,
        0.0593063735759616,
        -0.7058621515753862,
        -0.7058621515753866,
        0,
        0,
        0.7071067811865474,
        -0.707106781186547,
        0,
        -0.038022965269929945,
        4.928676119192682,
        -0.35969087320710613,
        1
      ],
      "name": "spokeR6ang",
      "mesh": 23
    },
    {
      "matrix": [
        0.9982398279237653,
        1.0408340855860843e-17,
        0.059306373575961614,
        0,
        0.05930637357596161,
        -2.220446049250313e-16,
        -0.9982398279237653,
        0,
        0,
        1,
        -2.220446049250313e-16,
        0,
        -0.03913104898259587,
        5.450750319241722,
        -0.5559942003473898,
        1
      ],
      "name": "spokeR7ang",
      "mesh": 24
    },
    {
      "matrix": [
        0.9982398279237653,
        -0.04193593892314512,
        0.04193593892314514,
        0,
        0.05930637357596161,
        0.7058621515753867,
        -0.7058621515753869,
        0,
        0,
        0.7071067811865477,
        0.7071067811865475,
        0,
        -0.036189233277762106,
        5.998005661245957,
        -0.36896522968000883,
        1
      ],
      "name": "spokeR8ang",
      "mesh": 16
    },
    {
      "name": "hub",
      "children": [
        55,
        56,
        57,
        58
      ]
    },
    {
      "matrix": [
        2.220446049250313e-16,
        1,
        0,
        0,
        -1,
        2.220446049250313e-16,
        0,
        0,
        0,
        0,
        1,
        0,
        0,
        5.45,
        0.17,
        1
      ],
      "name": "hubAxle",
      "mesh": 25
    },
    {
      "matrix": [
        2.220446049250313e-16,
        1,
        0,
        0,
        -1,
        2.220446049250313e-16,
        0,
        0,
        0,
        0,
        1,
        0,
        -0.075,
        5.45,
        0.17,
        1
      ],
      "name": "hubFlangeL",
      "mesh": 26
    },
    {
      "matrix": [
        2.220446049250313e-16,
        1,
        0,
        0,
        -1,
        2.220446049250313e-16,
        0,
        0,
        0,
        0,
        1,
        0,
        0.075,
        5.45,
        0.17,
        1
      ],
      "name": "hubFlangeR",
      "mesh": 27
    },
    {
      "matrix": [
        2.220446049250313e-16,
        1,
        0,
        0,
        -1,
        2.220446049250313e-16,
        0,
        0,
        0,
        0,
        1,
        0,
        0,
        5.45,
        0.17,
        1
      ],
      "name": "hubBody",
      "mesh": 28
    },
    {
      "name": "tireAndValve",
      "children": [
        60,
        64,
        65,
        66,
        71
      ]
    },
    {
      "matrix": [
        1,
        0,
        0,
        0,
        0,
        1,
        0,
        0,
        0,
        0,
        1,
        0,
        0,
        -0.079,
        0.051,
        1
      ],
      "name": "valveAssembly",
      "children": [
        61,
        62,
        63
      ]
    },
    {
      "matrix": [
        1,
        0,
        0,
        0,
        0,
        -0.9807852804032313,
        0.19509032201612816,
        0,
        0,
        -0.19509032201612816,
        -0.9807852804032313,
        0,
        0,
        4.260260017210979,
        0.39232906189815187,
        1
      ],
      "name": "valveCap",
      "mesh": 29
    },
    {
      "matrix": [
        1,
        0,
        0,
        0,
        0,
        -0.9807852804032313,
        0.19509032201612816,
        0,
        0,
        -0.19509032201612816,
        -0.9807852804032313,
        0,
        0,
        4.09110182533426,
        0.42552613605372186,
        1
      ],
      "name": "vavleStemCollet",
      "mesh": 30
    },
    {
      "matrix": [
        1,
        0,
        0,
        0,
        0,
        -0.9807852804032313,
        0.19509032201612816,
        0,
        0,
        -0.19509032201612816,
        -0.9807852804032313,
        0,
        0,
        4.1523583539512625,
        0.413667239748317,
        1
      ],
      "name": "vavleStem",
      "mesh": 31
    },
    {
      "matrix": [
        2.220446049250313e-16,
        0,
        -1,
        0,
        0,
        1,
        0,
        0,
        0.7,
        0,
        1.554312234475219e-16,
        0,
        0,
        5.45,
        0.17,
        1
      ],
      "name": "tireRim",
      "mesh": 32
    },
    {
      "matrix": [
        2.220446049250313e-16,
        0,
        -1,
        0,
        0,
        1,
        0,
        0,
        0.7,
        0,
        1.554312234475219e-16,
        0,
        0,
        5.45,
        0.17,
        1
      ],
      "name": "tireRubber",
      "mesh": 33
    },
    {
      "matrix": [
        1.1,
        0,
        0,
        0,
        0,
        1,
        0,
        0,
        0,
        0,
        1,
        0,
        -0.057971741160546486,
        0,
        0,
        1
      ],
      "name": "tireSidewallGroupR",
      "children": [
        67,
        68,
        69,
        70
      ]
    },
    {
      "matrix": [
        4.440892098500626e-16,
        0.9622179935292855,
        -0.2722802470405741,
        0,
        -4.440892098500626e-16,
        0.2722802470405741,
        0.9622179935292855,
        0,
        1.0000000000000004,
        -3.330669073875471e-16,
        4.440892098500628e-16,
        0,
        0.115,
        5.45,
        0.17,
        1
      ],
      "name": "tireLabelR2",
      "mesh": 34
    },
    {
      "matrix": [
        -2.88657986402541e-15,
        0.9902680687415726,
        -0.1391731009600629,
        0,
        1.942890293094026e-15,
        0.13917310096006225,
        0.9902680687415726,
        0,
        1.0000000000000024,
        1.9428902930940275e-15,
        -2.886579864025412e-15,
        0,
        0.115,
        5.45,
        0.17,
        1
      ],
      "name": "tireLabelR1",
      "mesh": 35
    },
    {
      "matrix": [
        -2.220446049250315e-15,
        0.9149596678498265,
        -0.40354529635238884,
        0,
        1.6098233857064778e-15,
        0.4035452963523884,
        0.9149596678498263,
        0,
        1.0000000000000018,
        1.1102230246251581e-15,
        -2.6645352591003792e-15,
        0,
        0.115,
        5.45,
        0.17,
        1
      ],
      "name": "tireLabelR3",
      "mesh": 36
    },
    {
      "matrix": [
        2.220446049250313e-16,
        0,
        -1,
        0,
        0,
        1,
        0,
        0,
        1,
        0,
        2.220446049250313e-16,
        0,
        0.1106000787437107,
        5.45,
        0.17,
        1
      ],
      "name": "tireSidewallR",
      "mesh": 37
    },
    {
      "name": "tireSidewallGroupL",
      "children": [
        72,
        73,
        74,
        75
      ]
    },
    {
      "matrix": [
        1.4901161082825354e-8,
        0.9897762309077889,
        -0.14262893370551144,
        0,
        -1.1102230246251565e-16,
        -0.14262893370551133,
        -0.989776230907789,
        0,
        -0.9999999999999999,
        1.4748815058140963e-8,
        -2.12533657339975e-9,
        0,
        -0.07,
        5.45,
        0.17,
        1
      ],
      "name": "tireLabelL2",
      "mesh": 38
    },
    {
      "matrix": [
        2.220446049250313e-16,
        0.9602936856769431,
        -0.27899110603922933,
        0,
        -5.551115123125783e-17,
        -0.2789911060392294,
        -0.9602936856769431,
        0,
        -1,
        2.220446049250313e-16,
        0,
        0,
        -0.07,
        5.45,
        0.17,
        1
      ],
      "name": "tireLabelL1",
      "mesh": 39
    },
    {
      "matrix": [
        2.220446049250313e-16,
        0.9999756307053949,
        -0.0069812602979617555,
        0,
        0,
        -0.0069812602979617555,
        -0.9999756307053949,
        0,
        -1,
        2.220446049250313e-16,
        0,
        0,
        -0.07,
        5.45,
        0.17,
        1
      ],
      "name": "tireLabelL3",
      "mesh": 40
    },
    {
      "matrix": [
        -2.220446049250313e-16,
        0,
        1,
        0,
        0,
        1,
        0,
        0,
        -1,
        0,
        -2.220446049250313e-16,
        0,
        -0.06303383997632918,
        5.45,
        0.17,
        1
      ],
      "name": "tireSidewallL",
      "mesh": 41
    }
  ],
  "extensions": {
    "KHR_lights_punctual": {
      "lights": [
        {
          "name": "DirectionalLight",
          "color": [
            1,
            1,
            1
          ],
          "intensity": 1,
          "type": "directional"
        }
      ]
    }
  },
  "bufferViews": [
    {
      "buffer": 0,
      "byteOffset": 0,
      "byteLength": 2352,
      "target": 34962,
      "byteStride": 12
    },
    {
      "buffer": 0,
      "byteOffset": 2352,
      "byteLength": 2352,
      "target": 34962,
      "byteStride": 12
    },
    {
      "buffer": 0,
      "byteOffset": 4704,
      "byteLength": 1568,
      "target": 34962,
      "byteStride": 8
    },
    {
      "buffer": 0,
      "byteOffset": 6272,
      "byteLength": 768,
      "target": 34963
    },
    {
      "buffer": 0,
      "byteOffset": 7040,
      "byteLength": 6732,
      "target": 34962,
      "byteStride": 12
    },
    {
      "buffer": 0,
      "byteOffset": 13772,
      "byteLength": 6732,
      "target": 34962,
      "byteStride": 12
    },
    {
      "buffer": 0,
      "byteOffset": 20504,
      "byteLength": 4488,
      "target": 34962,
      "byteStride": 8
    },
    {
      "buffer": 0,
      "byteOffset": 24992,
      "byteLength": 5760,
      "target": 34963
    },
    {
      "buffer": 0,
      "byteOffset": 30752,
      "byteLength": 2352,
      "target": 34962,
      "byteStride": 12
    },
    {
      "buffer": 0,
      "byteOffset": 33104,
      "byteLength": 2352,
      "target": 34962,
      "byteStride": 12
    },
    {
      "buffer": 0,
      "byteOffset": 35456,
      "byteLength": 1568,
      "target": 34962,
      "byteStride": 8
    },
    {
      "buffer": 0,
      "byteOffset": 37024,
      "byteLength": 768,
      "target": 34963
    },
    {
      "buffer": 0,
      "byteOffset": 37792,
      "byteLength": 2352,
      "target": 34962,
      "byteStride": 12
    },
    {
      "buffer": 0,
      "byteOffset": 40144,
      "byteLength": 2352,
      "target": 34962,
      "byteStride": 12
    },
    {
      "buffer": 0,
      "byteOffset": 42496,
      "byteLength": 1568,
      "target": 34962,
      "byteStride": 8
    },
    {
      "buffer": 0,
      "byteOffset": 44064,
      "byteLength": 768,
      "target": 34963
    },
    {
      "buffer": 0,
      "byteOffset": 44832,
      "byteLength": 2352,
      "target": 34962,
      "byteStride": 12
    },
    {
      "buffer": 0,
      "byteOffset": 47184,
      "byteLength": 2352,
      "target": 34962,
      "byteStride": 12
    },
    {
      "buffer": 0,
      "byteOffset": 49536,
      "byteLength": 1568,
      "target": 34962,
      "byteStride": 8
    },
    {
      "buffer": 0,
      "byteOffset": 51104,
      "byteLength": 768,
      "target": 34963
    },
    {
      "buffer": 0,
      "byteOffset": 51872,
      "byteLength": 2352,
      "target": 34962,
      "byteStride": 12
    },
    {
      "buffer": 0,
      "byteOffset": 54224,
      "byteLength": 2352,
      "target": 34962,
      "byteStride": 12
    },
    {
      "buffer": 0,
      "byteOffset": 56576,
      "byteLength": 1568,
      "target": 34962,
      "byteStride": 8
    },
    {
      "buffer": 0,
      "byteOffset": 58144,
      "byteLength": 768,
      "target": 34963
    },
    {
      "buffer": 0,
      "byteOffset": 58912,
      "byteLength": 7644,
      "target": 34962,
      "byteStride": 12
    },
    {
      "buffer": 0,
      "byteOffset": 66556,
      "byteLength": 7644,
      "target": 34962,
      "byteStride": 12
    },
    {
      "buffer": 0,
      "byteOffset": 74200,
      "byteLength": 5096,
      "target": 34962,
      "byteStride": 8
    },
    {
      "buffer": 0,
      "byteOffset": 79296,
      "byteLength": 6912,
      "target": 34963
    },
    {
      "buffer": 0,
      "byteOffset": 86208,
      "byteLength": 2352,
      "target": 34962,
      "byteStride": 12
    },
    {
      "buffer": 0,
      "byteOffset": 88560,
      "byteLength": 2352,
      "target": 34962,
      "byteStride": 12
    },
    {
      "buffer": 0,
      "byteOffset": 90912,
      "byteLength": 1568,
      "target": 34962,
      "byteStride": 8
    },
    {
      "buffer": 0,
      "byteOffset": 92480,
      "byteLength": 768,
      "target": 34963
    },
    {
      "buffer": 0,
      "byteOffset": 93248,
      "byteLength": 408,
      "target": 34962,
      "byteStride": 12
    },
    {
      "buffer": 0,
      "byteOffset": 93656,
      "byteLength": 408,
      "target": 34962,
      "byteStride": 12
    },
    {
      "buffer": 0,
      "byteOffset": 94064,
      "byteLength": 272,
      "target": 34962,
      "byteStride": 8
    },
    {
      "buffer": 0,
      "byteOffset": 94336,
      "byteLength": 192,
      "target": 34963
    },
    {
      "buffer": 0,
      "byteOffset": 94528,
      "byteLength": 7020,
      "target": 34962,
      "byteStride": 12
    },
    {
      "buffer": 0,
      "byteOffset": 101548,
      "byteLength": 7020,
      "target": 34962,
      "byteStride": 12
    },
    {
      "buffer": 0,
      "byteOffset": 108568,
      "byteLength": 4680,
      "target": 34962,
      "byteStride": 8
    },
    {
      "buffer": 0,
      "byteOffset": 113248,
      "byteLength": 6144,
      "target": 34963
    },
    {
      "buffer": 0,
      "byteOffset": 119392,
      "byteLength": 408,
      "target": 34962,
      "byteStride": 12
    },
    {
      "buffer": 0,
      "byteOffset": 119800,
      "byteLength": 408,
      "target": 34962,
      "byteStride": 12
    },
    {
      "buffer": 0,
      "byteOffset": 120208,
      "byteLength": 272,
      "target": 34962,
      "byteStride": 8
    },
    {
      "buffer": 0,
      "byteOffset": 120480,
      "byteLength": 192,
      "target": 34963
    },
    {
      "buffer": 0,
      "byteOffset": 120672,
      "byteLength": 7644,
      "target": 34962,
      "byteStride": 12
    },
    {
      "buffer": 0,
      "byteOffset": 128316,
      "byteLength": 7644,
      "target": 34962,
      "byteStride": 12
    },
    {
      "buffer": 0,
      "byteOffset": 135960,
      "byteLength": 5096,
      "target": 34962,
      "byteStride": 8
    },
    {
      "buffer": 0,
      "byteOffset": 141056,
      "byteLength": 6912,
      "target": 34963
    },
    {
      "buffer": 0,
      "byteOffset": 147968,
      "byteLength": 2352,
      "target": 34962,
      "byteStride": 12
    },
    {
      "buffer": 0,
      "byteOffset": 150320,
      "byteLength": 2352,
      "target": 34962,
      "byteStride": 12
    },
    {
      "buffer": 0,
      "byteOffset": 152672,
      "byteLength": 1568,
      "target": 34962,
      "byteStride": 8
    },
    {
      "buffer": 0,
      "byteOffset": 154240,
      "byteLength": 768,
      "target": 34963
    },
    {
      "buffer": 0,
      "byteOffset": 155008,
      "byteLength": 2352,
      "target": 34962,
      "byteStride": 12
    },
    {
      "buffer": 0,
      "byteOffset": 157360,
      "byteLength": 2352,
      "target": 34962,
      "byteStride": 12
    },
    {
      "buffer": 0,
      "byteOffset": 159712,
      "byteLength": 1568,
      "target": 34962,
      "byteStride": 8
    },
    {
      "buffer": 0,
      "byteOffset": 161280,
      "byteLength": 768,
      "target": 34963
    },
    {
      "buffer": 0,
      "byteOffset": 162048,
      "byteLength": 288,
      "target": 34962,
      "byteStride": 12
    },
    {
      "buffer": 0,
      "byteOffset": 162336,
      "byteLength": 288,
      "target": 34962,
      "byteStride": 12
    },
    {
      "buffer": 0,
      "byteOffset": 162624,
      "byteLength": 192,
      "target": 34962,
      "byteStride": 8
    },
    {
      "buffer": 0,
      "byteOffset": 162816,
      "byteLength": 72,
      "target": 34963
    },
    {
      "buffer": 0,
      "byteOffset": 162888,
      "byteLength": 288,
      "target": 34962,
      "byteStride": 12
    },
    {
      "buffer": 0,
      "byteOffset": 163176,
      "byteLength": 288,
      "target": 34962,
      "byteStride": 12
    },
    {
      "buffer": 0,
      "byteOffset": 163464,
      "byteLength": 192,
      "target": 34962,
      "byteStride": 8
    },
    {
      "buffer": 0,
      "byteOffset": 163656,
      "byteLength": 72,
      "target": 34963
    },
    {
      "buffer": 0,
      "byteOffset": 163728,
      "byteLength": 2352,
      "target": 34962,
      "byteStride": 12
    },
    {
      "buffer": 0,
      "byteOffset": 166080,
      "byteLength": 2352,
      "target": 34962,
      "byteStride": 12
    },
    {
      "buffer": 0,
      "byteOffset": 168432,
      "byteLength": 1568,
      "target": 34962,
      "byteStride": 8
    },
    {
      "buffer": 0,
      "byteOffset": 170000,
      "byteLength": 768,
      "target": 34963
    },
    {
      "buffer": 0,
      "byteOffset": 170768,
      "byteLength": 2352,
      "target": 34962,
      "byteStride": 12
    },
    {
      "buffer": 0,
      "byteOffset": 173120,
      "byteLength": 2352,
      "target": 34962,
      "byteStride": 12
    },
    {
      "buffer": 0,
      "byteOffset": 175472,
      "byteLength": 1568,
      "target": 34962,
      "byteStride": 8
    },
    {
      "buffer": 0,
      "byteOffset": 177040,
      "byteLength": 768,
      "target": 34963
    },
    {
      "buffer": 0,
      "byteOffset": 177808,
      "byteLength": 2352,
      "target": 34962,
      "byteStride": 12
    },
    {
      "buffer": 0,
      "byteOffset": 180160,
      "byteLength": 2352,
      "target": 34962,
      "byteStride": 12
    },
    {
      "buffer": 0,
      "byteOffset": 182512,
      "byteLength": 1568,
      "target": 34962,
      "byteStride": 8
    },
    {
      "buffer": 0,
      "byteOffset": 184080,
      "byteLength": 768,
      "target": 34963
    },
    {
      "buffer": 0,
      "byteOffset": 184848,
      "byteLength": 2352,
      "target": 34962,
      "byteStride": 12
    },
    {
      "buffer": 0,
      "byteOffset": 187200,
      "byteLength": 2352,
      "target": 34962,
      "byteStride": 12
    },
    {
      "buffer": 0,
      "byteOffset": 189552,
      "byteLength": 1568,
      "target": 34962,
      "byteStride": 8
    },
    {
      "buffer": 0,
      "byteOffset": 191120,
      "byteLength": 768,
      "target": 34963
    },
    {
      "buffer": 0,
      "byteOffset": 191888,
      "byteLength": 2352,
      "target": 34962,
      "byteStride": 12
    },
    {
      "buffer": 0,
      "byteOffset": 194240,
      "byteLength": 2352,
      "target": 34962,
      "byteStride": 12
    },
    {
      "buffer": 0,
      "byteOffset": 196592,
      "byteLength": 1568,
      "target": 34962,
      "byteStride": 8
    },
    {
      "buffer": 0,
      "byteOffset": 198160,
      "byteLength": 768,
      "target": 34963
    },
    {
      "buffer": 0,
      "byteOffset": 198928,
      "byteLength": 2352,
      "target": 34962,
      "byteStride": 12
    },
    {
      "buffer": 0,
      "byteOffset": 201280,
      "byteLength": 2352,
      "target": 34962,
      "byteStride": 12
    },
    {
      "buffer": 0,
      "byteOffset": 203632,
      "byteLength": 1568,
      "target": 34962,
      "byteStride": 8
    },
    {
      "buffer": 0,
      "byteOffset": 205200,
      "byteLength": 768,
      "target": 34963
    },
    {
      "buffer": 0,
      "byteOffset": 205968,
      "byteLength": 2352,
      "target": 34962,
      "byteStride": 12
    },
    {
      "buffer": 0,
      "byteOffset": 208320,
      "byteLength": 2352,
      "target": 34962,
      "byteStride": 12
    },
    {
      "buffer": 0,
      "byteOffset": 210672,
      "byteLength": 1568,
      "target": 34962,
      "byteStride": 8
    },
    {
      "buffer": 0,
      "byteOffset": 212240,
      "byteLength": 768,
      "target": 34963
    },
    {
      "buffer": 0,
      "byteOffset": 213008,
      "byteLength": 2352,
      "target": 34962,
      "byteStride": 12
    },
    {
      "buffer": 0,
      "byteOffset": 215360,
      "byteLength": 2352,
      "target": 34962,
      "byteStride": 12
    },
    {
      "buffer": 0,
      "byteOffset": 217712,
      "byteLength": 1568,
      "target": 34962,
      "byteStride": 8
    },
    {
      "buffer": 0,
      "byteOffset": 219280,
      "byteLength": 768,
      "target": 34963
    },
    {
      "buffer": 0,
      "byteOffset": 220048,
      "byteLength": 2352,
      "target": 34962,
      "byteStride": 12
    },
    {
      "buffer": 0,
      "byteOffset": 222400,
      "byteLength": 2352,
      "target": 34962,
      "byteStride": 12
    },
    {
      "buffer": 0,
      "byteOffset": 224752,
      "byteLength": 1568,
      "target": 34962,
      "byteStride": 8
    },
    {
      "buffer": 0,
      "byteOffset": 226320,
      "byteLength": 768,
      "target": 34963
    },
    {
      "buffer": 0,
      "byteOffset": 227088,
      "byteLength": 2352,
      "target": 34962,
      "byteStride": 12
    },
    {
      "buffer": 0,
      "byteOffset": 229440,
      "byteLength": 2352,
      "target": 34962,
      "byteStride": 12
    },
    {
      "buffer": 0,
      "byteOffset": 231792,
      "byteLength": 1568,
      "target": 34962,
      "byteStride": 8
    },
    {
      "buffer": 0,
      "byteOffset": 233360,
      "byteLength": 768,
      "target": 34963
    },
    {
      "buffer": 0,
      "byteOffset": 234128,
      "byteLength": 2352,
      "target": 34962,
      "byteStride": 12
    },
    {
      "buffer": 0,
      "byteOffset": 236480,
      "byteLength": 2352,
      "target": 34962,
      "byteStride": 12
    },
    {
      "buffer": 0,
      "byteOffset": 238832,
      "byteLength": 1568,
      "target": 34962,
